7697
6267
7065
4099
191
6604
1963
6924
7396
3026
9557
8149
7266
6189
4688
1929
7496
1508
9948
5378
3799
7443
116
9941
4347
6763
7661
4124
4551
2847
5238
7010
2353
6505
2026
5531
1543
156
5299
9816
8665
4472
7274
7836
3205
661
4202
2819
684
4125
3687
6048
9319
7653
3973
8667
4043
5169
8676
5807
2990
1147
5209
3196
1195
6137
9330
9014
7697
213
2622
4202
706
4882
9242
3537
5461
8643
2180
8930
6776
4449
8636
9598
7042
3960
1812
6417
7096
6472
4350
3545
48
8092
4560
82
4127
5624
2573
633
5720
9439
9027
6534
5153
9008
8012
3513
3846
8957
9446
1283
3860
4222
5468
2922
4846
8784
4798
2196
8088
1640
8016
3594
4894
551
9986
8868
1793
8971
9900
5466
4179
5487
8224
9116
5322
8394
6330
6278
9498
1994
2874
1706
8170
8919
9114
5252
266
3500
2452
3035
2428
4922
9437
2684
864
5785
3361
2587
5578
8413
9511
1782
1950
5076
479
4006
4481
7026
4607
5255
154
755
516
4724
4465
8896
1994
9617
2969
30
2963
8959
9658
2326
6905
4837
5805
2607
1706
6877
5326
9944
3784
4730
781
8784
8305
787
42
510
2254
177
7041
1075
5050
5337
878
5426
1391
9537
5837
4862
8895
5010
8728
9519
4325
3845
7193
9506
8856
106
2536
5064
9382
8158
5056
4779
654
1176
2041
2147
6748
9547
6761
524
8601
3673
1133
7247
5648
4711
452
5012
5253
8994
6342
786
8438
5596
8018
777
7550
8656
5504
2982
8461
2360
9908
4572
4711
805
6972
2636
1997
1737
3782
8093
9574
8027
7901
3026
6827
4125
8080
5976
8025
3757
285
7736
1261
5837
2961
3480
9478
8167
9239
8169
1925
120
2066
9054
5807
1421
3977
7342
2906
3976
4709
246
5771
2558
6116
1678
5445
871
3835
1577
8734
1695
4460
9666
3260
2279
7737
441
8685
2208
9491
8960
5351
462
3543
471
1738
5786
2558
5668
2517
8060
4156
894
3524
5526
4139
3921
1224
57
7779
4853
3018
7228
6684
8184
8474
6771
6296
1255
245
909
2314
6905
56
4817
4217
2948
7435
5840
3205
9795
5851
5703
1220
8547
7830
9967
9210
5996
879
7741
3306
3678
8031
5000
3562
2661
498
7145
41
3094
6467
6579
3741
896
1419
6620
3925
3755
859
6615
3346
533
4717
9122
2715
7880
3083
1489
7833
5000
8617
6775
5820
9942
8601
4428
4598
6739
4237
8444
4337
8408
9326
3408
5046
8764
2816
3823
6183
7521
1993
7932
1351
4318
1668
6636
6653
2171
646
8952
9960
7901
451
2586
1397
4524
4915
6998
3826
9487
5229
7151
7803
7259
4352
4462
7433
7277
5546
5307
8620
3911
8561
269
4224
1916
4491
3438
6197
6234
8882
3750
49
3343
3117
2170
179
3074
3446
7488
6171
9986
5772
1983
2666
9980
141
9196
4801
4320
4990
2928
8141
3541
7605
5675
1087
3146
2203
6379
8509
4480
9768
1525
4248
2874
1258
7572
4957
8844
7472
9837
72
6405
2853
5161
8383
5652
6273
4075
5830
3818
9841
7613
816
4887
4873
4762
1142
1356
373
6972
7076
4542
7724
4379
1398
9603
6459
4416
4738
1475
3490
8863
3659
7101
744
6021
7942
6478
9180
8608
3413
3195
1727
9432
6223
6419
8540
2532
9350
4168
4572
7354
197
7162
8815
165
6391
8680
9624
1320
7229
8928
4448
4155
5834
4829
149
3089
254
3572
7763
440
4975
344
8576
2952
929
3033
7796
2159
9138
7107
6980
8883
87
8025
9106
6071
2355
30
7672
8277
7132
4599
8540
3377
4360
5711
3157
6875
5746
4841
5452
7279
4839
7814
4157
4970
9062
3072
8205
4023
6106
7254
4974
7379
1799
6764
1489
8236
4502
168
8348
9659
7296
2746
9534
9711
7525
3369
1558
9646
5429
9954
8790
2096
327
4794
1892
1139
1908
5369
6677
9971
4179
663
2638
861
510
3702
8546
3379
1277
7004
8292
1927
8825
8167
9370
6820
4878
5268
2220
1290
749
1600
1262
8366
6802
9011
5810
460
5547
6907
5975
1761
1820
2919
5890
7019
4665
2473
7470
1734
6154
7073
9548
1599
608
3876
4552
6361
839
1831
598
2021
571
7663
5881
2398
9129
792
6896
5320
8989
6935
3016
4435
3590
5008
3231
308
5929
172
6698
1132
8131
9872
3171
7395
222
1960
5659
728
6983
775
4343
5097
1423
4925
3818
373
2356
5113
7351
7658
8867
8240
9593
9709
6657
4141
9576
7452
7572
6158
2608
5161
4520
3622
2752
8533
9828
3649
1187
18
7903
8568
9446
7780
5362
3943
5481
1205
1850
7849
9918
9040
5149
6869
9276
2586
1725
5890
9150
9901
2291
8303
835
1639
3380
8252
1642
3120
9989
7652
1617
5106
2881
3043
6868
9769
9385
3112
6355
742
3346
4566
5938
5463
6455
8370
5882
4505
2408
542
8585
6877
9817
3058
8854
171
1703
8133
8806
4166
4335
3031
3196
4957
7223
4115
1538
1793
4234
521
3066
279
8541
7027
3453
6127
6193
4272
2114
2867
5348
418
3057
8272
7938
8396
54
9386
4526
1048
4421
5563
1449
9671
1723
6281
7760
4759
6367
7930
5855
7810
8468
8629
5773
8471
2814
5877
4048
6228
86
1267
9247
2973
9297
8245
8232
3513
7281
198
1926
8825
7067
7993
4470
3873
8570
4803
3614
1135
5242
2157
6205
1428
870
7097
2656
181
2472
813
4806
6828
8348
7481
8065
6019
8611
7448
7014
3768
3079
7062
9461
3889
9286
6578
5742
6642
3333
4720
8468
3744
9878
1738
3589
5126
7650
8982
1246
8713
233
7060
6127
4839
9959
3228
1918
7799
8736
4104
4318
4602
8796
5441
2458
7972
3644
1991
15
1846
4659
8434
4610
1240
3875
2155
5835
2874
7434
4928
2407
6656
5879
1872
2947
374
8227
3440
7231
6856
1963
668
4059
9093
6611
260
9100
2699
5161
6319
5608
1953
4453
3093
4863
3091
1430
3440
559
6239
7837
3755
2248
2560
4599
7568
5919
1628
47
9464
4655
6779
845
5526
9913
8036
7533
242
7300
1847
6600
5648
9149
101
8801
3266
8763
3664
7758
9497
9585
1873
1968
6350
6008
6911
4691
3781
1615
4321
1901
6406
9650
8289
2762
6114
1218
9428
9267
9628
3990
9261
30
7884
9424
85
8189
8868
1430
9421
1956
488
3243
3651
1144
1327
6325
7852
9580
1117
3193
1178
5142
4832
8850
7118
648
9870
4877
8558
1785
2738
1269
22
7128
4170
6327
497
6234
2801
4728
6344
9341
5316
2888
958
3930
9708
8539
4105
533
6004
2253
1419
8983
9428
5828
4912
7089
2818
6304
365
121
3632
216
6116
8839
2238
2146
5547
3335
3925
467
4085
9308
616
916
2022
6184
6670
1753
378
8771
3488
153
2751
8362
312
1047
5932
2602
5335
8532
8702
5331
1071
5311
3425
4363
2696
7472
6284
9749
3940
4558
1274
3766
1822
5262
3067
5362
8662
3141
457
5292
2465
590
8527
5204
6521
534
5978
9362
1789
8768
4661
698
7730
6225
3768
7568
4977
389
7497
846
2183
9814
3191
635
312
7339
9731
801
8288
6962
4700
4450
3840
1923
3037
8171
2633
4045
3261
8039
7755
5973
7663
5031
1171
4340
271
6974
6874
7483
4172
6597
1084
6606
5209
9596
8900
2851
1554
3925
5758
2756
7652
2569
2910
8591
9440
4259
3587
6144
4443
1302
6529
1232
1844
900
1575
4578
9988
1318
1563
9175
7883
3552
2445
4414
6550
6925
7464
7199
6303
2042
4095
6670
8225
9470
301
1700
5988
3647
169
9292
9128
2579
3116
4254
1929
5920
7511
2675
8496
8094
9786
1005
9562
9732
7937
7550
5661
7298
9965
1260
3066
6415
3923
4472
8419
7877
6229
8679
2756
1015
523
2446
21
8359
765
7301
822
1407
9949
5249
5218
2298
8031
5892
4145
3103
612
7860
2874
474
9
1756
8876
1587
1545
1353
942
6372
3625
4770
7221
6828
6587
1303
2481
6491
409
8250
9775
201
8753
9581
8725
821
343
2735
9755
7657
2284
2131
8077
3408
9964
5655
1156
1930
877
2422
5156
8902
6754
4358
6430
4960
2373
6233
5370
5763
6607
2126
3983
7765
5932
5341
7047
1118
8934
9998
7374
7436
9719
4341
7905
4235
2505
337
6411
7233
314
207
2288
4172
2454
4062
4675
6299
6043
1418
7802
9086
1299
8616
7235
6761
5112
3884
6674
9614
6137
4759
2961
2663
8583
4575
1433
2331
133
8389
8239
415
8020
7996
1636
4888
8135
4374
9021
6263
3721
3284
3826
8429
7969
3000
1985
4155
9171
9232
2171
7481
1700
5875
9156
8395
7593
8721
2874
5894
6465
649
8090
8422
6552
9982
523
1278
8816
202
3907
8661
7681
8419
8418
280
8141
1847
3095
1191
4345
5613
5039
4669
3267
5204
8467
6340
895
7819
9025
1761
6771
9703
1592
3453
5185
2111
7203
5903
558
8753
9081
3634
8436
2433
7608
1906
9858
7895
1225
7333
689
6808
7183
4222
483
4287
3378
383
5092
8209
4373
668
4715
785
9893
4795
2418
9327
8434
6376
7157
1321
7183
1703
6511
4714
6199
6709
3069
7827
2018
3818
3266
7098
5479
9517
6094
4328
1497
3747
7855
2409
2540
225
6967
2694
278
5188
3970
3318
8024
386
423
9156
2434
9872
635
9515
9775
1355
28
8969
5274
9571
737
9315
2342
7311
1414
1763
4348
2025
6575
8005
7434
3233
3933
484
9613
8022
4752
4922
678
8946
1961
7638
9693
8469
854
912
4850
7394
7229
9241
5130
3006
696
5186
4018
135
6054
158
3102
7950
7899
7691
4506
9823
6295
5149
8111
3060
7003
4628
9803
7119
8491
4398
8781
742
7462
6996
1701
4547
1878
2868
6500
6073
8262
9900
4103
7382
2698
9400
6805
5800
1255
6547
879
6747
7241
2810
3449
326
4633
8076
6391
5492
5189
1517
2185
2938
3111
1218
2385
6766
4433
1906
7306
2702
1862
1254
4076
7287
3573
4738
1151
5885
9079
3419
5872
8306
1533
2440
6631
3046
7560
7513
27
2240
9661
9712
6537
7639
1381
9347
2510
797
3893
539
5922
5954
5873
198
508
765
8806
8729
1646
6485
459
139
178
7171
3274
2201
7839
3352
9549
2247
5841
1535
4839
3375
216
4472
3958
2568
6048
1988
7001
4770
5043
222
4257
8549
976
5076
3037
5187
928
1580
3616
1798
8509
9638
6710
7606
4868
6016
8803
2073
173
7860
1035
5931
1189
4101
4939
885
762
6591
8698
9687
4304
7756
4707
7838
996
3191
8260
7571
2124
8644
8981
349
5912
4085
9005
4195
7434
9764
1444
8656
7747
5933
8304
3779
415
7006
3893
6620
5534
2114
1882
1327
8841
6199
1995
4799
7151
8098
3501
7123
1735
9684
336
7746
7680
7094
9493
6356
8445
5876
2656
4192
2108
2173
211
3206
3354
4815
146
896
3158
9093
4807
5069
2733
1997
6714
1779
419
2791
1624
6728
2138
8398
1658
9004
8522
8492
904
3009
8778
8576
1540
8417
9712
1210
6218
7118
9645
3101
2634
4747
5811
4487
6631
1135
7787
9549
9008
1071
764
627
1151
1959
5337
156
5569
1892
9372
4283
5080
7808
3584
7420
734
7257
4911
7014
6151
6664
6716
7745
7853
2302
7768
7319
3817
6237
6146
646
6272
9809
5510
4600
6412
758
2721
6159
6391
5572
343
892
9746
7764
1234
9255
3551
6051
9706
8323
3886
4393
2351
2478
4309
9249
7349
3840
5749
863
6761
6928
5639
2296
7381
4386
6769
9568
9892
6974
641
2333
4688
4664
8384
1042
9733
2760
299
762
265
9815
220
3920
8812
6826
3247
6972
5115
2679
7719
2844
2913
5109
3658
390
1994
8005
8402
5631
2019
7282
7661
2059
8324
3153
4857
837
9094
673
9008
8515
5482
8167
3915
8383
9877
4664
4707
3155
4641
4720
374
7718
6267
32
8044
7532
5275
7053
8586
1987
7653
5135
7031
4859
5635
2739
2553
6910
2156
6977
2310
4287
8342
3878
8461
3586
6833
8149
86
1592
8969
9953
273
9090
7662
9674
6746
5455
590
3892
4227
9563
8580
9648
7986
8749
2037
4064
8429
2005
80
2414
8331
5573
3528
7281
9703
6048
9912
3635
2650
2718
7116
5789
1824
8006
5898
9748
8428
7527
3009
4464
3888
7941
2670
2445
2805
505
5018
2032
7998
5597
4678
6761
1058
7446
5572
6232
3998
503
7921
7379
2812
5304
4605
8318
846
5532
8547
7431
7365
327
8493
8834
3231
518
858
1411
8620
5889
7446
811
3061
9221
7289
303
3842
843
926
9210
6726
8804
8375
7335
2288
7780
9426
5215
8821
6081
4130
40
9107
4863
2232
8858
5366
4626
7321
8773
4364
5030
1910
403
2265
3617
4607
9287
4263
430
6049
8969
9810
9288
1387
7844
9380
29
4919
1648
6044
2489
5841
588
6157
8619
1433
8972
9962
358
3790
1078
2486
6993
8828
467
880
1148
5569
1751
5532
5770
1530
6904
1186
8167
1395
9023
879
2364
675
642
7864
4272
9677
384
4870
9454
2307
6872
7914
818
8752
6903
5196
7814
6868
2334
6070
8863
5162
129
2621
5445
6951
7480
609
5115
3812
1948
219
9109
5196
5652
6113
9646
3708
1241
1726
2615
4708
7241
1732
1993
250
3564
7027
2375
5022
9680
689
159
4278
4201
3193
5211
7877
1491
599
701
7863
4386
7755
1852
4436
3589
7233
8616
3075
5888
9025
2495
1306
8152
9193
2840
9427
7754
9235
1189
2102
7896
9301
464
2421
7553
193
4710
1227
3663
1631
803
6380
2747
8301
5065
4215
9614
2000
4854
1232
2872
6110
966
8627
6210
8192
9272
8860
7332
1517
9325
7383
2362
1828
1102
3700
9561
7624
6997
3986
2930
8165
5633
833
4554
881
5001
3488
2687
5453
1122
4988
2342
5350
5173
447
5762
7419
1272
3804
729
8596
7547
6694
6551
3387
3570
9272
8210
1127
3292
7004
8944
2757
5144
5932
357
9450
3700
58
165
1514
4498
4960
5374
2909
9141
2252
5953
9027
1514
4254
7317
7437
9755
380
5329
6459
9920
7120
1120
1981
3336
9268
8035
3759
4453
6792
3046
9510
835
551
7563
874
8670
1826
290
1731
986
8985
5609
9299
1025
5057
8867
6363
9410
3543
1497
9035
9253
9987
4358
2048
2378
864
8191
3269
5842
5808
8508
1419
4521
3024
1845
8223
2210
4222
5600
2392
7071
4857
3125
5664
8668
4191
6557
1993
838
4693
6905
7577
878
3290
3340
2391
4974
6328
4657
3997
349
3832
5328
8588
6393
3149
5773
7459
9861
5730
9540
185
2352
5274
5534
9801
4764
5385
9668
1325
4428
9638
157
3150
7944
3799
3532
3152
761
8340
697
2000
9348
2241
8145
9235
139
6032
7447
4297
6460
6799
3872
5829
2510
7945
2695
9543
6690
3767
5160
5241
3318
6202
7483
385
8377
8491
7070
2316
8538
8217
4980
1988
1089
109
7597
3576
2549
739
6515
4340
3553
4271
2975
453
775
4299
4106
2834
3020
5507
2262
7351
3161
1288
2060
8009
8203
1909
1875
5825
370
166
9120
6165
2736
8048
8006
3115
7580
733
5297
776
9219
5033
6871
6526
6317
7295
3024
1144
2383
8972
430
4321
5665
4259
4287
5077
5437
7610
6453
4354
7829
6786
3749
6646
2010
4595
226
9689
6037
9421
4280
4883
945
6443
8806
4782
5022
3864
4849
8372
886
320
3420
1268
491
2449
8388
2967
8739
5277
6168
6317
7535
10
5929
6016
7553
6001
3756
3633
3681
7498
4186
6546
520
3152
6727
5766
9441
5137
4684
2965
3426
8861
607
2788
6360
10000
1972
8337
7383
7653
5463
6772
1600
7294
9821
9409
2896
8172
934
2855
7408
7691
4854
1043
1108
47
8054
120
7928
8430
4555
1103
5146
4649
5356
5101
1389
7156
8183
9395
5365
6716
3393
7068
1418
3341
6474
6253
4503
8606
5736
2185
926
7590
3668
2028
7040
3714
4254
6245
6381
7744
1449
3482
2249
3122
4152
7586
1528
262
6680
7603
9610
9279
4900
7883
5877
3065
2931
8448
340
587
7710
5425
5190
9625
8681
4784
3712
5339
1636
1639
2892
4776
8882
4212
2388
6512
2180
3156
687
3314
6971
6558
266
9337
1664
6274
2534
8641
4815
4772
6253
199
7461
4326
9018
8657
9370
6790
8307
6886
6313
3771
1127
1525
5882
1890
5231
5013
5926
2022
3623
9371
702
5615
4377
7912
7746
2184
4920
1124
8337
7184
5039
2693
9265
9335
8820
8759
4248
7826
5274
3772
6989
8359
5534
4773
6279
7542
3297
4655
9980
7790
409
5348
3265
2176
6582
7257
3329
3452
4119
185
738
91
7808
2047
7845
5444
9635
3666
8951
2811
7147
9129
9289
408
9026
395
8159
3655
3920
3156
4130
9002
587
5250
7883
3837
1164
8426
1256
8724
8774
809
1784
6642
8100
7503
1712
7059
7479
4455
7406
2270
3642
6234
2935
1257
2286
4020
5206
6672
796
4802
8009
1319
7052
8537
340
9900
9188
3121
7990
1859
5027
7451
4389
756
4594
4342
4618
6423
7164
4585
7286
1823
1173
9193
4788
4212
4861
5716
7513
7305
6042
7345
5708
6673
8664
7730
7249
7714
4467
2889
5344
3748
5752
2089
3879
5860
3580
2775
9837
7196
2961
2957
9834
2882
8062
1463
7454
9556
4267
5292
9875
2063
3018
164
8112
9031
9685
7493
7560
9156
9527
4006
8223
8789
9977
9854
8590
4144
1684
9051
5062
8663
1358
5858
7701
4062
3961
2582
8826
1574
4592
9962
1787
7892
2210
764
960
2902
1516
6025
7768
7719
1445
9507
6989
3632
6579
4036
6877
6585
6398
7780
1173
9404
4847
8313
3554
6463
4360
2415
6616
4809
1266
1010
4809
8167
3223
3921
3147
6144
4810
721
4248
7130
5501
7354
8816
300
436
4519
4774
4427
4549
1887
9934
5448
666
5014
6414
3257
4784
6346
5179
8218
5741
8885
66
7196
3598
8779
1264
7928
9070
3474
7857
2293
7381
5330
1033
9370
9445
9953
6719
9313
7839
6316
329
211
2240
9809
7366
4873
2133
314
5761
7537
259
9015
6299
7630
3179
2131
7203
6139
2393
912
7592
1560
722
9540
3291
971
9554
7762
9774
9865
708
2872
8291
809
95
3934
5460
5760
5515
8964
8738
626
5940
1587
2465
8244
9054
6959
14
9406
6395
850
2043
3415
6613
2610
8329
5756
7849
8337
305
732
9495
2202
8838
6385
8687
7931
8035
8804
5710
5417
9435
7389
2994
5661
1522
8675
3534
1313
3292
6783
1182
470
2343
2411
1228
3340
7437
8165
8955
4896
6089
6765
4819
7260
1642
2081
4737
745
7675
4770
8494
861
5881
4080
346
9121
9994
4778
3094
3102
4624
8189
4762
9578
298
9253
5855
5065
1119
196
8638
5334
8547
1947
9100
7740
7644
3631
6060
6050
5723
7350
1038
4646
6674
6231
2777
1955
6215
3665
5624
9169
9464
9157
169
6845
6486
2802
6974
8206
3946
3001
7912
9238
8013
1315
6287
241
9766
6549
7031
8516
9941
2488
263
322
4090
6618
4137
2559
8036
5366
1818
1545
7201
3630
630
9316
1109
5920
6466
426
8247
2388
7637
64
8536
3761
8012
4117
8504
2850
5250
1981
7980
4110
8516
3405
8973
728
7548
2247
5792
4988
3
7984
2144
1996
988
947
579
4943
4050
586
1651
8495
7230
846
7577
3449
2080
3255
2686
3370
7156
4149
2314
6089
9352
4380
5431
3429
224
8245
7706
5277
2613
7736
9123
486
7626
1535
8485
8714
6700
3665
2960
1013
5851
1482
8360
4705
2843
9231
9302
541
9551
3236
2260
5086
3046
6774
7275
1829
959
4381
5614
9286
1874
720
5573
9697
1454
6334
1082
5657
8892
1495
3800
7759
9197
2420
517
1785
6750
2019
8906
7462
7208
1469
5857
6213
1118
2868
1320
8060
3232
3287
5657
5664
3394
5904
9503
353
402
6259
2554
1629
4541
1155
7967
7709
4190
5028
338
6132
8447
5670
4536
7576
278
1398
563
8427
8358
8200
3303
1502
9305
6591
32
3190
2545
2425
7583
1878
5457
3954
7001
7925
2909
4300
4421
5331
1092
3878
7863
4247
5845
3850
3979
9355
4897
4632
9368
9754
9138
7256
1516
8018
6803
789
6278
558
6831
4470
1602
2749
828
5294
5684
8422
9603
6112
9543
3828
5979
6440
8601
1337
3446
961
1315
4943
9538
7401
220
834
144
3120
6479
6672
9162
2175
4101
2776
4777
1934
8611
381
5165
7137
916
6088
9608
3080
4682
5942
7583
3268
2833
9256
6437
3415
9376
8184
2637
1344
660
6026
8388
7820
8763
4466
5224
9054
1470
7929
5373
3609
5538
7627
5952
9385
7742
7265
6557
322
3232
8552
6801
3666
6975
996
3012
8755
8940
3064
6398
2298
3329
6364
3392
4252
884
6216
7942
10
4858
8558
9406
290
1156
6301
514
8727
5990
7738
6524
2896
9313
8149
2700
2382
4166
5901
8148
8277
2138
3778
7355
346
4502
2511
322
2399
1910
6110
9147
7933
5063
8052
5678
4645
8435
1220
6093
5034
4618
7819
7939
3354
7988
9179
3021
6032
2879
3309
9676
4467
4569
5462
8449
4879
7703
5120
2143
8802
465
7384
9377
5104
1321
1521
8803
8426
3803
1894
6592
6472
3647
2208
4529
1246
483
7672
5801
2647
1032
364
2069
8918
8062
1093
9737
5244
419
6669
2915
9905
5415
4966
5288
1290
3487
2202
5683
8477
4100
79
3187
3579
2848
9146
2531
4182
4808
1352
8353
4369
9738
739
3833
4671
6403
6241
7490
4228
9178
8124
3063
6734
9064
2920
9305
9442
3444
9962
1380
3330
3040
294
589
7664
6587
6571
3487
2214
706
1108
1477
1534
9827
1578
4016
5157
3308
7372
2117
7580
999
8020
3733
5498
6143
4787
7679
7557
1569
2853
8833
4962
7256
5919
9370
2267
9145
7665
7765
2019
2756
6
6544
2645
464
8426
6882
7992
7676
7626
7509
8220
5391
6277
8251
2448
950
5777
3311
3454
9181
9198
6350
4790
3961
8612
9205
1409
7971
5565
5644
360
4439
6312
3700
537
3157
9109
4751
4403
7129
1529
6692
7787
4053
6270
7435
2827
3384
7253
463
315
3946
5642
3785
5641
3291
6847
1738
7349
7972
7614
1386
4969
6932
1612
7105
3067
9652
4817
1501
2513
6645
3920
6905
2781
7096
8769
5604
2098
8608
6544
8100
8103
7228
9072
2812
7997
5136
7905
3235
5686
5512
4540
10000
3895
2177
3233
9607
6469
6856
5089
6958
6824
7238
9407
6192
1089
9587
5339
681
669
8265
8130
5620
2619
3929
458
8842
1735
97
2029
7641
7602
3336
2193
9454
1206
640
4100
1248
8938
8991
7551
5076
3978
3606
9547
6067
8357
4696
6831
8911
9677
3477
3819
5221
3398
4425
6250
7860
1885
9073
4670
1207
751
4991
3570
3183
5893
1381
6859
449
4112
7031
4371
1831
8486
5535
8507
6021
6752
5691
3736
9577
9703
8138
6310
1571
3277
3113
3260
9009
8800
7116
8578
5553
8926
4874
3437
4434
6370
8531
9511
8936
6324
2367
9543
2427
9448
3481
2842
4091
8166
6090
8164
5401
5222
4934
8787
7334
4207
9627
2278
2930
9813
2057
3718
7555
8961
1063
3024
845
9796
4453
9593
4771
7047
3203
4889
1697
4606
6720
3450
7053
3073
6021
3463
4103
782
4505
7593
5791
2192
2226
5407
3831
67
8656
1777
3043
1990
127
6046
3418
3795
5117
3596
6962
7755
2091
7654
3840
6701
7340
4913
935
4817
5955
3875
292
8909
31
6250
5062
6383
7639
9184
9327
2332
4087
9552
4044
1376
1617
7143
9233
8657
6073
8093
5545
1856
9042
1666
8417
3514
2043
703
6918
2367
1702
2066
4751
6625
4988
8627
1913
4881
7484
3073
9906
2748
4523
362
5397
7560
7191
861
9550
6812
9529
8367
6574
7741
842
5308
4626
8720
1404
4632
1824
1335
5741
9507
3560
4433
7786
7138
4797
4960
9785
4075
9302
6412
6
7005
677
8934
2309
4881
5291
557
4181
5082
4061
344
9385
5393
1888
1330
847
4402
9154
6677
3005
1876
5938
1379
1373
5505
5403
7117
6814
4386
7766
9832
9785
6386
4521
1822
7806
2752
6012
3700
2590
7652
5609
2731
4229
6047
8646
7497
6825
4191
188
928
7537
7271
7854
6911
3919
8093
6212
2505
5371
144
6520
8804
2605
8253
5944
5183
1674
7030
1936
9258
631
6394
6658
2963
1496
9953
9930
8017
8244
9052
7627
3101
1101
6271
7636
1350
9420
1810
423
1545
8734
7626
5050
2473
1404
5603
9183
2536
7415
8010
2836
9487
2033
1237
4971
249
5180
9567
1355
572
1258
9105
3237
6515
4688
3213
4394
284
8148
3844
3111
5636
3549
3944
9516
8862
9512
7334
7773
3674
724
9489
6134
5873
1189
2269
7370
5327
888
1985
4806
2459
2577
2941
9071
9039
4008
3631
308
7493
8931
3319
8302
6582
1432
8906
6142
5765
6295
2932
5256
2001
1752
6312
5360
6379
1077
6714
3334
4678
6877
9485
3180
8857
7308
6180
717
2293
3433
3779
7701
1247
685
3578
6079
7387
3997
9608
2685
4905
7874
9775
8781
9715
1643
7052
8250
4044
1638
4168
8421
8489
90
7672
3458
2289
8803
6523
5747
8912
9698
1714
1742
1094
1589
7014
7838
4619
6186
9956
3737
9006
7443
2353
9456
7763
9850
7740
1504
8753
3822
5565
787
2069
6589
9365
4391
1352
2662
1355
7191
4689
680
5072
2159
7712
3118
1072
6791
3212
6159
3497
5255
3168
7630
8278
9377
3976
558
3622
922
475
3022
7803
5512
1829
1033
2224
5864
8704
8935
6817
227
337
6777
8722
4743
9422
1656
9884
7107
465
7138
886
8587
7458
7322
6441
777
3866
5984
8185
1612
1846
7257
83
1562
741
2714
310
7834
8461
9894
4948
3699
5884
1190
708
7606
2229
7062
9218
9017
5394
9979
7791
2575
4000
9010
3444
9726
6667
823
2689
7533
1757
3535
4585
8605
9262
2451
1192
1370
2217
5290
8989
5526
5369
5345
3677
4396
5009
117
6968
7029
7609
8116
3450
9439
6235
2106
1971
5103
4404
9747
9670
7701
5659
3740
4795
7515
5564
1544
2106
2464
1629
7724
9068
2836
3389
8083
6468
58
3521
8975
5382
3316
143
4511
1059
1487
2534
6524
3573
8413
4070
4883
2070
6277
1703
518
6932
4356
379
5996
1434
2832
9235
6616
6433
6622
8302
2787
6268
1938
1138
2782
8939
5388
5538
1962
6546
1462
3099
4368
4412
6520
5571
2090
1326
5568
4540
8061
511
5663
7707
8821
3227
2225
6642
4194
220
8905
5471
997
5716
3659
8172
986
358
7664
9586
7463
2939
6857
2235
3221
4160
9959
9618
9924
2221
6636
7553
3865
9739
312
998
5195
2181
4085
66
7324
8898
1597
2478
8223
2223
3867
250
7069
7121
6003
2795
1824
2717
9642
721
3877
9182
4866
2662
147
727
1597
4352
7359
8008
4866
1020
4335
2353
5274
9168
3331
3350
8488
4591
8816
928
3792
945
8759
7295
3638
4041
8676
6523
5697
6537
5353
326
9414
3070
6288
955
26
6087
2022
1230
4259
2033
7042
6566
5648
5516
3839
2674
2994
1593
7214
449
2510
1365
528
1737
2144
6809
1839
9155
4387
4407
840
7478
327
8991
5036
5260
7779
8748
7029
4420
9289
7039
1039
5044
6477
19
9547
7463
6815
3027
5021
1668
1508
8079
9872
4481
719
8823
6622
6128
5478
6806
7925
2186
536
1051
1060
5029
4523
9567
6408
4216
7251
8506
5955
7322
5658
263
5073
4869
2931
8949
5479
8823
4683
9910
8742
7967
13
9823
718
622
5237
8782
8691
89
6480
6530
2121
4223
411
5545
5013
9074
9871
410
6460
4410
307
9209
8607
8466
1299
5702
9452
9813
7060
107
5321
9496
3206
4506
6197
8209
7184
4230
2610
3278
1663
3754
2869
2080
8941
9131
2164
5484
9097
6925
5056
8717
1900
1902
3010
3941
1068
1036
7630
579
4858
7921
3957
3804
1629
8884
6157
8386
263
8041
8738
7362
4513
183
3631
1800
3367
8184
2019
5843
477
328
4647
9197
184
3740
6979
1559
9050
8692
6428
4502
525
1449
9902
5368
4147
208
2136
9253
5762
6468
1507
9764
6935
168
8050
4746
4780
4326
7875
3798
7885
6518
291
249
1911
9070
1451
3995
9023
6078
6886
8995
1006
2685
5185
347
1436
1483
2088
1227
6943
3135
8227
2033
3783
7900
307
6828
4412
1793
313
3655
155
1925
2531
9235
6977
3500
5885
2851
369
1393
4562
9807
1372
5420
5717
8139
1584
5243
5648
1306
4908
9645
3472
6379
8902
9431
2869
6011
6220
2802
5655
6048
9517
3010
1755
9392
1629
1880
1288
9241
8571
8674
2336
7290
8962
9658
7843
1828
7551
9077
3667
1360
6169
5060
4450
4160
8967
5094
4977
9899
5957
7096
6484
9251
3260
804
5030
3485
7682
6913
7776
3001
6661
423
2285
2471
9072
7056
1602
4062
7748
7307
8839
9775
2796
7624
3908
5680
8358
7891
5293
6710
9954
7180
3669
5089
9652
1468
1125
7916
9396
5548
8521
6321
414
7791
1492
8594
1423
467
9623
6417
3029
3938
5586
5380
3946
8194
3917
2237
1464
9768
4953
1908
6294
4483
9915
1410
7132
5102
9194
250
5308
5852
2029
2987
2816
693
7564
1813
4435
5270
890
4857
8969
72
9681
2154
2208
576
299
5357
9072
1169
9586
9425
3713
4044
4456
32
6770
7672
3678
8861
8142
5590
3780
5631
5610
3943
2806
3722
1886
6048
3937
6405
3701
2840
5530
7538
2464
7227
1869
6183
4368
8265
2442
7062
2431
1391
143
8796
7526
6797
7381
4605
4218
738
7163
264
2396
2073
9348
9978
1811
5453
6616
3019
1273
7481
3706
3827
2276
4983
4361
668
5146
182
8845
2182
5078
6677
9199
3965
1800
1452
5932
2958
4986
5077
1766
5135
435
2901
1953
5125
8923
2699
3358
1165
128
9182
6912
5507
9733
5513
4052
487
4861
3314
6739
1692
4559
1146
2172
9783
6023
9412
9658
527
467
9711
7346
5458
3786
1501
1978
7246
7437
5092
2468
7403
5284
8885
9893
308
7940
8583
6082
1942
582
5580
635
4598
4548
2869
2050
5265
8174
2194
6122
5716
7991
8481
7162
4228
291
2987
5200
7349
4141
8041
8840
301
7378
3445
8146
2293
8251
8850
3040
6018
6855
3819
6832
570
8176
3601
1405
1707
3854
4892
1913
8758
8243
5500
3208
2740
8256
891
2979
8226
7604
7953
3721
1660
6803
9101
3397
4149
344
1005
6726
8972
2739
3831
469
5403
8786
6056
3335
5707
4872
9597
4141
1626
9220
4897
2178
9420
2609
2582
3440
2129
8578
8012
1291
5935
5498
4945
4822
2165
7813
3099
7509
1732
3795
3148
2926
7817
4989
1817
8621
2687
2724
7242
5421
7448
6817
7876
3860
8975
3605
910
1980
3440
1256
8159
6751
1937
8857
9429
5406
7510
7604
8373
1171
2319
9691
6486
3911
8378
6750
1934
501
6052
8784
8272
6872
8458
7405
8481
6761
20
1801
1527
2681
7761
8234
6394
2302
3352
2624
4898
8167
7476
8148
8270
486
960
7239
8409
847
7464
996
6997
6052
4641
5793
2120
6917
3138
9509
6600
6401
7816
9864
3881
9203
778
2305
3255
8220
1603
2869
5270
8223
1558
6518
5522
6054
4859
833
9155
1719
4451
6940
1612
1480
4745
5861
7739
9631
8619
1991
7556
5261
4322
5938
863
1556
4263
4285
5325
3830
5966
6031
8989
5854
9178
6292
7096
5110
8374
7453
7005
9642
7231
7930
5484
7347
7257
1919
9025
5580
1220
6918
7105
6439
7669
699
3025
1893
1562
7471
1855
7299
5636
7502
9693
855
8548
5552
6108
4906
7634
6134
7504
9741
1762
7789
6894
6545
5455
8756
9157
5920
7387
2481
2386
1662
5758
4713
5686
5193
8083
4788
145
3874
3863
8450
3205
888
9224
3916
2798
9225
6468
8288
7979
2833
215
9726
9969
8864
6740
1698
5719
2236
880
8255
4004
8614
7587
1468
3831
9343
6835
8981
2756
137
1233
488
2857
1943
6860
8223
304
98
8998
2052
7013
1644
380
6063
5333
9818
1470
5141
3081
7781
819
4908
1574
1199
9628
7911
6693
1429
7253
6395
5400
9214
4213
7260
1176
5349
2074
7179
6575
6035
4981
9627
2072
5716
7870
5627
5759
1570
7747
7605
3682
1907
6150
7121
3625
2046
542
2090
589
3507
2733
2819
7469
1302
3432
7861
5177
1279
5691
8100
2117
3397
8135
8064
1505
6812
3078
5414
6970
3774
7663
7668
4926
9740
5754
1269
9512
3030
7333
260
4143
8915
1623
4036
4007
7360
3770
6834
3360
5021
245
542
8632
9660
6336
7282
7683
3991
6990
9356
8696
6814
5473
10000
6662
7014
6740
3641
9807
5585
9786
198
6795
4135
560
9038
7505
4132
9677
3992
5133
4192
3780
1821
3724
6712
3440
9077
1325
3928
6370
1971
3792
6246
9300
7387
91
6711
3681
6936
2345
6747
705
6746
5296
9995
2026
8934
8812
1508
4654
6886
8937
4023
1778
9212
3987
9251
3789
4239
1117
7585
7827
7543
8539
7632
3960
4598
1982
442
6271
5404
1398
8206
4252
6461
5231
3255
2699
2417
8718
2528
1876
5475
7652
4461
9814
1755
9410
9715
7050
2412
8774
5939
9096
3219
3447
9471
6910
221
9739
1076
4847
8470
3313
3277
9072
294
3396
3710
909
4466
2738
9252
6187
5709
7063
350
5994
6609
966
5011
3211
7171
4396
6477
4063
6869
3946
7872
6843
9438
8968
6305
3768
705
9554
6629
6033
2939
1058
4270
1740
7446
7971
6315
2835
995
8248
8220
9431
8027
8194
3306
9444
617
6504
1302
8914
5121
5309
2053
9351
3762
4467
5725
5932
6679
1491
9947
4002
9778
2201
1549
6495
907
7806
9163
7268
7147
2628
9717
3801
9907
3596
3955
2489
815
7665
4319
3718
9310
2869
7949
8166
3068
5954
7276
2783
4488
183
1185
6421
5532
196
6237
3216
5388
8706
7059
6503
6986
2852
150
4629
3666
8056
5296
3193
8154
5224
4901
7109
8115
9153
4708
1739
9217
8198
1636
6971
9753
1734
7543
6349
9431
8977
7517
9101
6493
3550
7984
4383
1455
243
3222
6099
3761
9276
4107
8363
9871
9490
2095
3498
9074
6244
3647
6930
9110
8599
4379
3037
3576
8080
7767
5494
2141
3234
2275
4654
829
8657
9828
3840
8603
2179
8277
4129
6706
3155
8337
3743
1428
1965
1087
4506
4795
9546
3206
3540
1801
192
1230
7903
4711
4799
547
5744
2269
6917
4245
1303
6501
9245
2972
9674
4106
5222
9673
5643
9538
2112
4379
1589
1290
6771
1930
5539
5328
6799
8592
3760
2068
5331
617
4587
284
9315
5573
558
5441
3789
5170
7928
4757
9124
233
5429
4957
6756
311
594
7867
8468
2520
5575
5649
4052
7065
3160
6904
3130
2675
2970
8621
6072
8337
2933
1467
6699
5105
8975
3169
6022
4173
8149
868
3436
8996
4554
8304
7455
1972
1400
1740
69
2554
3474
6906
1059
8449
8769
8394
6882
8007
2607
2737
1622
5322
486
8319
6836
7735
1205
717
165
8059
8527
9051
4107
6141
760
4726
9620
8227
2032
6782
4778
7200
2045
2493
7324
3304
5792
2565
4292
5597
5386
4242
9703
8989
436
1657
181
7472
3174
9319
4349
8565
5398
86
9635
8619
6057
7228
340
9809
9580
669
3627
8782
4559
3278
3686
605
3711
3633
6320
7274
1376
9462
2849
6586
5311
5670
9540
9962
6258
1614
1695
9856
455
328
737
2644
3347
2491
9595
1183
7105
5639
4341
6097
3440
904
7717
9820
4656
5807
1029
7466
4003
9196
7596
3326
1407
2019
8648
8260
7317
863
3820
4149
9926
1935
1361
5052
8101
7707
6358
8213
2813
5191
3396
1842
7945
6634
9319
8816
5270
7019
6300
6039
7179
6944
1594
2004
1149
4941
2614
8173
5685
3892
5509
9413
7088
2817
2824
5309
4618
490
2651
2710
1298
4436
4904
4148
857
4407
424
5554
6274
3410
887
7868
1840
5596
4802
7689
9031
9675
5816
7426
4444
8296
2045
7634
5705
7997
6859
58
481
5678
8894
1412
5093
8907
5664
1447
2632
2054
439
1924
972
6464
6715
6880
2440
5104
7987
6930
5251
9794
5120
194
5448
2977
1586
5679
4059
3812
5153
1222
1839
6770
2363
693
2621
5925
6802
254
5011
8628
9639
5126
8859
1666
2383
7479
3552
1254
9196
4880
3444
9153
687
4318
9459
9466
8800
8446
1818
9152
9748
8954
1022
2663
1600
6769
2336
7650
2469
6006
7936
3264
2150
2334
2224
1832
7205
6307
768
9863
8943
49
1452
7074
1087
201
4563
9458
2051
1867
531
9244
5822
7255
458
7098
391
6015
7458
2492
1331
729
6759
3052
292
5948
7660
8732
3060
4844
693
9094
1001
7404
1674
6476
4248
3761
4918
7606
5068
2459
1651
4275
153
427
840
3314
4185
9882
7839
1039
9755
8200
1836
8936
9585
2696
4107
755
6091
7230
6868
1425
1341
1871
2908
2593
4426
8877
1411
9641
3585
5482
7603
8391
8957
8702
5489
968
1516
6078
363
8447
7196
9576
4420
3895
6626
4177
97
5389
9494
9920
3012
8571
8071
3280
3736
8473
2741
9111
761
976
464
6938
2369
5078
1951
6761
6694
5172
1264
307
7512
9528
2093
215
6212
1151
9779
4314
5123
3801
4696
949
356
4102
287
8653
106
5553
658
4744
1114
8088
9543
7145
6153
8376
2347
2346
8309
5815
8829
1461
1368
7151
6713
4778
8695
657
8077
1373
8464
1903
3904
5338
8256
7627
9090
249
7043
1068
8019
6043
3382
9628
1072
17
2815
3593
3348
367
8883
3045
2127
5687
2816
8239
1873
8931
9761
5507
9044
2223
9036
8214
5736
4739
8043
7872
7678
5519
5832
6630
9906
8015
9338
1143
4784
5696
8428
2754
8813
6503
3785
6887
8341
3737
9409
3473
7388
2772
9553
6902
2045
343
5590
7246
2139
5184
6748
7780
61
3240
7815
6485
4760
4661
8173
1006
8532
474
7588
2558
2893
2474
541
8691
3724
9805
8175
9926
2442
9408
1980
4582
5270
857
468
6045
3296
1689
2014
9433
694
8165
4749
9098
5527
6075
6867
6131
907
6434
1069
3357
7046
4493
1088
9670
5404
8635
2851
1792
3675
4686
4582
6337
6387
9002
2024
4302
1289
3965
4974
5334
4737
4869
9597
5132
9282
5217
5124
7374
3979
6685
328
9641
4008
7023
6176
9159
3402
6
3421
7021
8309
9348
2844
4158
9836
7989
2229
4055
8360
6981
7737
3471
4950
8233
7307
534
4456
9824
7598
5027
9813
4664
8703
5074
6690
7354
878
5725
7029
6534
9131
419
3202
3511
7314
7655
8906
938
1762
8650
3757
9811
5076
8054
6462
2864
8885
6483
8831
4078
8280
1332
3511
2724
8425
3020
9357
1439
9869
9872
6743
2942
7031
8195
1398
398
4092
1291
9501
3361
532
4789
6164
9499
3858
4002
8711
1350
5096
5473
8823
5831
8451
6506
2636
7429
7648
337
315
7727
8048
6014
6907
9441
6076
6017
2332
5080
2889
5079
9719
4595
1811
8588
5467
2474
4501
7452
6382
5830
5566
5196
1496
2570
4483
8267
3870
1481
6017
356
6203
3894
9163
801
1207
2520
8591
4259
4631
2769
6976
9770
8741
4486
8154
7877
4776
6474
7063
17
8510
5436
1036
236
120
2544
2287
2731
765
2236
4987
9801
992
3232
5605
8956
1525
557
2236
557
9446
9867
9894
6494
2203
5364
4298
8663
7650
8864
2898
8243
1623
2976
1372
9935
481
1387
1378
2203
5752
4076
8048
8129
6071
9352
9381
5531
9898
7348
2994
6904
3745
3641
8785
15
3521
6004
265
2575
7311
4189
7351
629
2834
6265
5201
8910
1132
5990
4611
7283
9781
9815
9232
5210
6166
3105
6412
306
8708
5648
337
4630
1198
4756
4819
5780
4498
2048
4909
7465
3888
6368
4820
2567
1910
9264
6246
9983
2857
4458
4239
7414
9549
7375
6261
7205
4122
5954
3879
4989
699
9692
7429
7013
2457
4786
4726
3283
2066
6121
6976
6634
4323
8430
4242
5098
2692
825
6026
2307
8596
4060
3887
6368
3586
3198
7800
3839
3385
9982
1136
7476
325
6725
4189
2431
5498
4564
483
9087
6670
7308
3706
9064
706
6177
2961
8457
8424
9732
9990
8798
2957
1121
3165
2890
1539
7153
1813
5434
1952
4215
5740
4488
4734
1621
5627
8274
9815
9660
2014
9357
3573
5863
9270
3920
2158
8847
2884
4874
9311
4956
6510
4222
7255
546
8884
5162
3474
7326
2380
1295
1200
935
2138
2783
9967
1187
6157
7790
7368
472
7247
6911
1172
8597
3084
6198
6286
6804
7253
3845
9313
4400
3296
6919
4274
5141
7571
2206
6517
9811
4765
9607
3440
5775
7687
6411
3675
9396
9570
4710
8756
969
941
5301
7205
8087
5934
1348
2017
1959
4759
6650
730
8578
3194
6326
7163
4549
1004
9546
9233
5710
2863
4939
274
6344
7753
9736
3558
2008
7790
869
9062
5384
5528
2320
2604
4342
4844
1910
7239
5136
2286
9217
1910
2321
9853
1793
4024
210
2624
2138
2863
5639
5661
6598
673
5916
5970
2947
3215
9255
7703
9350
7917
2620
6990
9891
5223
8756
3381
2126
5470
8931
6152
5551
8441
2812
5643
6303
4090
5034
4198
6513
9903
1801
7179
8419
599
3514
3590
2281
6701
1512
9139
7171
3391
4982
17
6047
6045
3907
4923
1292
4613
6814
5462
4142
2073
6931
8421
2641
9854
6138
6277
2407
2260
6503
267
3848
6978
2518
2267
2924
1172
1765
6014
469
3834
4884
2298
3197
3402
7853
3594
686
6668
6314
368
7580
8263
1390
1118
4784
1982
2689
1838
2376
6267
1303
1805
5986
4335
6358
9086
8920
8911
770
9664
190
3237
6926
7412
9201
2821
1519
3451
8329
2161
387
478
4907
7230
3813
8919
5108
1858
4371
4246
2967
8177
9075
6963
6849
9022
1829
1644
5195
7963
3485
7429
2827
2741
4993
5556
843
6579
1427
7821
192
8912
6524
6069
6105
2281
3907
9725
9024
5215
4132
1556
7531
2162
3637
2900
5394
5068
3756
4222
6180
260
5622
5871
7659
6623
4438
9340
9253
5497
7557
7700
7939
9844
8356
8942
6091
3405
1376
6774
8642
3224
1500
4246
2010
873
9936
1176
2285
9562
1801
6377
3472
2877
9547
2170
9900
4328
3701
9054
4900
6135
4005
6102
56
4087
7285
6855
8547
2010
7252
7169
3561
1207
320
3254
6177
6792
7822
299
8788
1011
5479
9735
994
3326
8001
2414
9123
6135
3472
4239
7097
2783
4567
7939
8889
7206
1696
6184
513
4939
9437
9279
3186
224
8968
2589
3834
3304
4114
9133
1892
870
8955
5434
4085
120
2377
1408
1342
2570
4003
9865
5357
897
7399
4734
4626
7703
6072
4208
5710
9404
7564
9697
5799
2206
3477
5830
1708
1431
8318
9096
3124
8114
9801
7195
2000
6532
7886
5714
3521
3067
5745
5397
6836
3559
4323
5995
3131
6229
7807
6569
9300
9700
9959
6212
5661
6505
8926
8468
6490
9416
7947
9770
2610
4518
5978
6274
2573
1697
1300
2797
4521
7924
5017
9489
4817
2169
8574
5481
4040
172
9274
7309
3759
4535
6339
3595
1631
7802
5536
7301
8120
311
8799
7858
4075
5869
9219
5277
8345
4239
9519
4568
5682
6305
7571
5940
6887
6571
3804
2765
9300
3149
3423
3823
4759
9991
4149
3608
7982
8634
4107
6183
514
8851
3962
4778
3989
7623
2835
111
751
572
9806
3350
6813
619
8542
5410
2204
6717
5360
3765
9502
2589
6974
2361
8110
3376
8951
6396
4647
4188
684
513
5517
3329
3555
8336
1974
2089
6322
3080
2920
5856
3778
5827
3433
2907
3557
4846
4351
6406
9505
9620
5026
3728
1576
4179
2116
7339
2813
9638
6758
4416
266
9922
5710
8676
9731
4505
7739
4291
3703
7414
6781
9225
9845
5727
7302
3382
7915
7808
1998
521
6345
5977
6521
4470
9558
8224
8223
6645
6246
6675
290
6706
7742
9457
8544
2482
267
3217
7554
1726
8627
7950
8258
7769
5239
6093
64
3882
4718
5306
1395
4499
5421
1871
4771
353
5118
7325
6355
9680
5879
7819
1271
6588
7836
6003
4004
7251
327
1547
1071
6344
973
637
7651
9691
3938
8037
3405
4181
9374
7977
341
7051
1804
1626
3097
6567
4949
3380
7269
7917
9293
1097
748
8623
5009
7646
503
9484
8049
290
7677
3997
5167
5973
2713
6761
9382
9203
1774
8887
4433
5669
4918
9527
2278
3296
6873
937
3616
9407
6171
3564
8850
6723
8353
5361
5565
5111
4056
1492
9677
2724
4141
5691
8529
1361
6377
4901
3584
2502
2192
7809
4923
7478
8711
874
440
8684
1230
1401
8224
9542
7719
8723
7838
2705
7310
8049
1097
9092
4170
2325
479
7639
7844
7821
9896
4788
5747
4524
7234
7206
8056
6412
1507
6523
9585
1103
6511
6650
5608
8597
6491
693
8981
3936
3114
2605
648
7290
9795
849
6764
2133
322
6434
9284
7485
3791
4744
9087
1824
8273
7146
6953
5104
9940
4894
2281
7474
6977
7043
8028
7229
2819
9280
8587
3363
5629
9037
6796
5441
316
9217
5014
4956
693
6764
8168
9141
467
5044
947
5749
6163
7645
6764
2297
7660
1817
987
8709
2851
1905
5700
1161
6631
6229
5988
5308
9800
1597
9746
1869
8334
100
4273
9503
3757
3270
9311
1880
1567
588
7963
7510
2017
5127
9500
6992
6852
2032
6007
5756
4058
401
2297
6426
9037
850
2098
5706
652
8957
9902
4888
7052
8668
7619
1786
4510
2359
4191
7420
7706
8665
1150
8342
9233
3126
3072
3915
2372
5678
1904
2209
3972
6025
2211
5035
8406
154
2659
1506
4704
6871
5849
1591
5523
6701
9626
3613
6281
4886
6680
5183
8847
6173
6565
2133
6217
3992
2055
9925
7076
5826
8840
3094
5699
4898
6390
8566
6128
796
2480
2723
9097
3503
515
4058
3449
185
7104
2645
4152
2374
303
3691
1400
3745
705
5983
9321
6376
385
6572
4460
9974
8447
2394
6468
9529
8295
6414
5783
667
7678
3710
9626
100
7048
2485
9344
9870
7195
5743
3345
3317
2478
3586
7516
4926
1934
7645
3273
4538
6312
8115
8910
1344
9088
2548
6698
2711
5282
9641
6456
955
8765
954
4548
4128
9311
4096
6936
8745
1523
4179
4748
4232
6843
8780
2418
5393
5598
2890
1708
7859
4103
5047
6511
1687
701
2534
3804
7235
2877
4033
7432
8456
6528
9394
8030
4389
3232
9546
7793
3119
7888
3632
8530
1785
7441
7258
2813
6828
4391
2102
1032
6619
1021
8091
1001
7760
8069
8138
6528
9070
4716
4058
3736
48
599
3508
3753
5187
2284
9214
2560
124
3387
6883
4462
915
6926
6149
4392
2002
7977
546
9780
7842
4095
2546
718
4846
6437
1414
6745
7144
4566
3919
6755
8030
3301
335
2346
6030
5324
40
8656
9029
8819
9354
3984
6824
7356
7743
5188
4584
5370
1732
7303
2006
465
1544
5290
1662
7972
2052
7868
1427
1590
9297
7343
2370
3499
5275
3501
5857
3569
6430
5845
6728
9867
727
4393
8030
3466
8210
5130
2545
4159
5344
7441
8719
3011
4246
7914
6966
4234
5399
7
2002
4354
9246
9285
647
3510
3462
2484
2778
9644
634
2132
4594
2761
9383
2382
6441
3917
574
1853
9802
1524
9421
6184
9011
1333
2578
3136
3815
9212
6019
4720
8853
586
3730
1798
3229
8821
1688
908
4355
7369
164
3098
8370
7621
1648
1882
6019
8817
8496
4157
2869
7915
7695
158
9313
7514
2980
4319
682
9258
4765
9170
9896
9945
3839
4034
3956
3635
5565
435
873
78
6255
3880
99
5764
7999
4513
7027
3277
8798
3573
900
6148
1554
6781
3120
3917
6097
659
4224
6762
9160
7417
346
6436
2391
9162
9664
7796
3277
7627
5346
7301
1320
109
2732
4066
655
3601
993
905
1865
4749
4939
5642
9508
4636
5809
4524
2968
7666
527
4615
4058
7922
5478
7637
4866
4094
8254
1722
9848
7254
9639
5630
2749
9714
2809
7234
5110
2378
9216
8522
1352
5036
7810
2769
3184
1486
7859
6101
4500
5120
3133
1064
4149
3278
8377
2151
8448
7216
1938
4941
8376
4790
2530
351
2460
9976
1607
8299
157
3392
7939
218
2852
5477
9916
1202
6327
4747
7548
6593
9299
3809
4761
9443
5496
7455
7187
602
6965
2222
3798
9637
9522
3104
2911
9042
4192
1131
5288
6721
2106
7866
3333
8560
5982
8959
7138
2344
4980
6230
9029
8217
9473
756
4760
5680
2482
5178
4483
3823
488
447
2428
9708
7325
5778
252
5850
4214
9749
5768
6810
6017
1025
8028
9215
7322
6561
6008
9335
7864
2371
4515
4682
3583
8943
7840
5420
9566
8206
2406
6020
2140
812
874
171
7131
5768
9835
7506
6650
7055
4168
5616
3345
197
7569
6983
8900
9715
8702
7273
9908
7621
5614
862
4771
3445
7183
8364
3479
8149
318
2698
671
1597
8708
2122
8689
726
3258
819
414
5921
8124
7316
1076
139
280
6334
6066
4187
7595
4141
8167
6394
157
4248
2283
3472
4513
5828
2103
7234
785
8372
6686
2022
197
7312
6516
5630
8159
6844
4384
6779
3682
5585
2210
5549
6533
5465
4150
7571
7203
5917
3518
6678
9322
4681
3589
4684
4910
3460
4237
8824
2595
7718
9395
7937
1516
3758
4617
9207
3333
764
4314
5368
7949
1105
2970
2120
3913
8428
7133
6159
9549
3791
9092
4069
3301
8909
2506
6105
4493
1612
2617
9210
9815
8359
2487
8242
8791
4158
1050
1012
4849
6654
2432
4091
2994
6161
4013
1760
9245
7035
593
3724
9183
7569
8717
5544
9737
5429
10000
8174
3995
8431
770
7149
5740
8033
307
5151
7739
8995
5676
4279
2688
2398
4415
6664
1798
2631
9585
4173
7087
720
3956
524
6360
7301
9550
2385
392
3950
9383
7235
6873
860
2005
4163
6346
5360
3605
6534
5147
3806
4676
8243
7235
8481
2765
7679
385
9920
4193
524
2114
2420
4545
9883
4497
5735
5981
6858
937
2162
5181
6116
9076
1908
3020
2127
5953
7778
5715
8128
6052
2012
3710
9992
3232
9214
3465
850
6293
1147
975
8262
8488
3856
7210
3269
6382
6202
6504
9728
5744
704
8689
8043
4671
6086
6562
4588
2122
7307
8022
4595
4448
9939
8605
3785
8151
1589
7351
1714
4604
4668
9455
3209
6987
1395
9350
3063
8963
1594
6753
4539
8127
3242
3651
1186
1068
1386
7448
1916
3857
8846
7879
5719
5505
5263
8039
8696
5774
3105
4618
3792
7432
2705
6193
248
6435
6568
4800
992
4229
9689
4833
5045
2799
5857
2006
6251
7644
4056
1187
446
8601
462
699
1964
9607
6322
6356
979
9766
363
9206
4706
9863
2576
5296
2623
4394
6234
4960
6916
2819
8308
8937
77
1343
7402
1635
682
1498
5983
4452
1236
3502
1977
4189
1562
7457
2352
2160
1763
7430
4540
2476
2607
279
560
4292
3354
8540
9262
2382
4490
293
8087
8555
215
2837
6158
527
2116
426
8280
1363
1415
3385
962
1274
6225
5396
4412
6446
9870
6039
7123
746
1357
9498
1029
4056
4011
1707
3251
1293
8631
1583
2388
6885
8699
7760
9304
6977
5299
594
7494
4985
116
8766
5013
1499
1853
4127
3955
6435
2846
1653
9830
2863
4412
2737
9385
7868
9295
7422
6487
83
2189
8554
8349
7382
2941
8643
9491
9124
5838
2370
1939
7242
5382
3445
2570
3082
2200
7722
1868
9010
389
4847
4449
4024
3432
238
5077
9119
4382
6585
5908
9908
9039
4921
6648
7785
7453
1309
9134
2089
3763
3949
3693
5993
7526
8679
6404
3508
5619
699
9298
6861
6363
2906
9094
3219
7452
5362
7029
5487
8708
8020
3697
8568
8588
4516
6587
4376
9320
8508
5137
3022
7446
7700
3950
5431
2043
8603
6746
7487
1074
3185
8542
7616
1855
9572
9378
457
1291
9535
265
7282
2868
8615
2021
4775
1428
9028
4120
8756
656
8929
7830
4367
454
2036
6013
8461
6977
3205
8068
9007
8466
3886
7487
8321
8891
1756
3976
4127
2749
7424
9311
2432
6394
4611
3846
8665
5894
3619
2093
8753
3402
787
9714
2694
4088
2071
5882
6301
7007
5760
2676
9673
1182
292
5470
7701
1866
3043
5341
4461
6950
678
9413
386
1634
7419
1905
665
2046
1412
4864
9852
2395
2799
3307
4219
6697
8477
6384
1463
9688
9986
2438
6161
7692
1692
2182
8951
5913
9458
6160
227
2307
3980
3502
4603
6307
751
8739
1887
7736
7486
7449
5596
8749
6988
6246
3716
564
1196
8748
4991
3133
3694
9219
6566
111
4014
3796
6810
5533
2929
841
8323
7592
5090
1466
4790
2698
543
354
6696
7925
4671
3796
1640
765
8121
4076
4398
2101
625
8373
6287
5811
4742
5218
3598
7351
7986
6054
2782
8652
5858
580
2289
8962
4614
2149
47
9487
6590
9337
9568
1992
4514
2887
7611
5817
774
5755
1795
8751
4326
4969
6635
2044
713
3934
305
5105
5251
7184
297
8047
4332
4932
8721
2835
4829
9891
2605
9067
8062
1827
5580
5461
2184
5557
2632
7863
9131
8984
4377
6416
5434
3667
8541
9749
1243
5746
5089
3137
1614
7808
8312
6115
2915
9269
3245
8414
9316
3823
1706
2757
1539
8293
1532
4248
5729
300
223
1000
5714
2739
9457
1451
4702
457
3272
1639
7925
5208
18
3765
3976
2785
7897
2498
5972
9642
2169
3901
2707
4142
7277
5895
122
2965
6872
6496
9545
8441
9036
5759
5641
9633
728
2372
1167
2290
5139
1528
8311
2457
1732
6549
7397
9021
982
7113
1411
805
7237
4915
7090
5886
796
6222
255
3470
4852
981
8354
3158
1249
7126
2389
1792
8671
8158
6357
2103
143
6801
70
5727
160
3237
2032
5445
8668
913
1248
9580
6056
6719
7707
7866
9456
9544
4854
7423
6665
4562
5158
7995
8363
1756
8764
9096
9914
6106
3821
1969
6203
7986
9603
2065
5439
7781
5057
5564
7339
1144
4293
5165
5187
7011
9386
466
6972
5203
6918
422
5111
8287
7707
316
1365
6269
1075
3011
189
8574
1476
6464
6800
1163
4141
1357
5091
4934
8941
4532
3439
3767
2346
8521
5727
8621
5935
2897
1157
8591
511
4500
311
3614
5323
9452
3476
5742
4672
7048
8700
3385
9839
5210
9735
2538
7210
1659
9792
6032
4166
7187
8410
7458
3699
7847
9758
4759
195
7624
3403
7695
1393
1187
3304
321
4142
1526
6547
880
4154
9944
5009
1176
366
9589
4064
6988
2860
261
1228
2311
3195
2895
3997
5844
3630
7195
1276
1632
3857
5704
9595
4405
4400
1256
6799
8642
4366
4848
4270
6741
6217
1589
4679
7016
1823
9928
8009
370
6405
5258
7782
5672
792
6888
1549
5610
4349
1225
8871
1832
5839
8725
8277
4476
812
5483
3959
3077
1871
4574
4449
6135
1702
9569
5616
1565
8088
6223
8367
5695
1805
9851
517
7047
2941
7600
6280
2569
6834
2590
6581
4874
1962
8684
1734
7643
4325
5223
2535
5330
8690
1840
1814
9131
4075
1210
8231
1159
6078
3125
6883
3959
2219
6241
5743
3618
8989
7982
8354
2452
2885
9739
2042
4827
7202
7726
9449
3692
8211
7458
7179
1701
1820
2620
6776
3960
1483
1792
2977
3437
6735
4217
5413
2910
7537
5526
2769
6564
5381
7400
4111
7542
1865
7827
6458
7694
9256
3477
2307
6752
8660
6126
9375
9010
9655
4888
5751
795
5761
3238
2971
5068
9790
2085
2935
2202
953
5
5356
9408
4912
4129
5202
626
9613
1774
2452
8063
6936
2422
2515
474
8206
9524
4948
1919
9759
2581
4107
4901
9960
2932
1199
8729
2202
8862
7100
5457
5421
5071
3403
2711
4891
4256
8370
1173
9195
369
6530
307
7633
7674
1844
6935
6302
1542
406
2997
6809
8822
486
1773
1300
3582
1554
841
7133
4267
5196
9770
9940
9001
484
9203
7057
9883
5936
810
1686
9662
6601
43
1387
2832
9333
1578
8200
8969
2168
1410
8512
4445
1894
5822
6739
34
4782
630
6413
3189
6216
8681
3916
8119
5598
3540
2416
7481
2685
3647
2411
5916
4877
5645
8636
7705
8822
6942
9582
9862
661
9792
4122
2221
6585
4823
7466
2828
75
8085
6883
1127
4750
3604
178
624
4757
7446
1275
1279
2803
1141
82
9341
7518
6026
8105
5966
3382
6394
9153
8533
459
7292
7411
5197
3472
3219
3031
4117
3328
8825
9100
5509
9945
1467
4128
6994
8902
7576
3977
7221
5685
320
9927
6364
9354
1558
8570
4446
3754
6615
2472
2486
206
8073
558
2531
5634
7073
2362
4669
2351
1487
6377
6564
1385
8332
5777
9396
6942
2639
9429
9516
5285
4333
4445
8330
4030
7655
2029
4655
5293
3590
3455
825
2508
5280
4612
8906
9023
6564
7239
4995
8694
8309
5339
1714
6818
8356
837
1410
2733
4632
3879
6519
92
3457
4945
7657
4258
3869
2052
7546
2659
1183
7657
5180
2216
1242
6509
662
1609
2597
1680
7030
9107
6035
7183
8469
4385
9213
5123
2794
1214
3420
7096
7432
920
9127
3884
5260
7479
577
5109
7856
4188
7191
1268
9407
2941
892
2192
2745
7069
2622
2533
5778
6536
4118
6616
1292
1103
1638
2907
7386
2530
3619
8194
1476
3912
8492
2594
7111
4
2331
2492
3781
9319
2358
876
2007
567
3078
4444
7314
286
7885
407
6913
3206
7060
6948
8294
6182
7126
8800
8847
750
3137
2676
322
3573
4707
4542
263
5871
5595
7038
4976
3364
4137
840
6423
3581
6101
4524
1743
5748
8852
863
1873
6203
1206
7705
2414
2300
1190
9876
5161
1339
7417
5934
9033
3961
1803
3748
7116
6753
3723
1037
9254
6996
5595
6270
2522
6550
5162
4495
5259
9638
1882
1745
9005
4737
8594
1496
2058
5422
7957
5603
2979
5083
8411
5468
6990
3595
2333
5633
1299
7474
3727
1724
2100
5625
5208
4559
7523
6573
9959
1852
1497
5028
1460
8534
8618
9665
2286
9402
3655
7473
2274
3651
3330
813
7177
6371
1101
4611
6777
1401
3639
7634
4280
1037
9412
2828
5878
639
9753
5895
3770
678
1557
9530
6627
8217
8521
189
7550
5313
549
4750
1245
4866
2454
1491
6946
4805
4811
6443
9528
1568
7490
3829
6675
8855
2162
2977
8076
1402
2575
4244
1125
2010
6709
7344
8507
2342
2805
9046
5961
2423
8861
2705
60
3514
9877
8338
8276
4593
8935
555
8016
4528
8398
2490
3232
4167
8803
2676
9340
5932
7850
5025
9899
3017
856
1643
9579
1227
7720
1158
255
8594
9550
3082
2682
6636
2572
3764
1030
2706
9372
9526
5048
8860
3022
6581
5106
5541
985
2359
5089
1649
6407
4767
4086
343
4774
275
9611
6368
8085
7529
3940
5678
6434
6360
4735
640
2088
1483
4233
8845
710
1529
8811
1799
2677
4017
1103
5720
8851
1313
6868
9510
1391
9390
9166
8133
6317
1747
6395
2812
1940
6232
143
9805
9098
6431
6112
4309
9616
145
3503
2916
1109
9130
2483
1981
2430
1461
8289
2039
783
5318
2572
8552
5563
8532
6995
2677
8950
8412
17
9741
3833
2355
7834
3443
8718
3003
1249
9209
9553
8055
5979
6722
1955
3349
454
922
2918
2828
3479
7738
1360
5382
2644
859
6041
5522
6185
5073
2837
5029
3086
235
4835
682
9753
7575
2564
4718
6234
3468
5090
3441
5671
69
9576
9931
8645
9892
3608
9930
4266
5302
4320
2362
3138
2452
6857
1257
7664
1828
2193
3858
27
6968
7284
8375
5580
7073
2745
398
1251
7534
3017
1659
9253
666
952
5280
6608
761
5215
18
42
3586
2596
8704
5188
7328
8700
5619
5940
1674
6008
5318
4067
8735
4088
1085
6262
2298
9581
4369
7910
6778
3497
8333
9182
5730
6539
9629
2546
1506
4490
4355
2284
2154
2654
329
5599
1455
567
8328
264
1394
5321
6684
1984
207
4815
7514
5571
7958
274
9908
6304
4372
9709
8753
4789
7743
3264
8522
755
7511
1631
5697
6733
1347
6265
2005
6494
2563
5074
5186
2947
8753
4836
7370
3197
6788
2256
6267
4467
2176
6327
3928
5079
2761
2284
2213
8576
2224
2293
5817
9987
8967
733
4009
974
9162
5345
1501
4703
1298
7675
9793
4725
8572
4238
4089
8914
268
8574
7772
2526
6325
6843
2706
3248
8335
7405
1567
882
7414
9203
1076
1478
7991
9038
8602
5570
2341
7898
1879
2295
6748
8250
4121
7293
2325
